%color map slow scans

colMapS=[0.2 0.2 0.2
    0   0   0.4
    0         0    1.0000
         0    0.5000    1.0000
            0.5000    1.0000    0.5000
    1.0000    1.0000         0
    1.0000    0.5000         0
    1.0000         0         0
    0   0   0
    0.4 0   0.4
    0.6 0   1
     1   0   1
    0.6 0.6 0    
     0 0.4 0.2
     0 0.6 0.6
     1 0.6 0.2
     1 0.8   1
    0.8 0 0.4];